$ 1 0.000002834467120181406 173.42552219524063 77 10 62 5e-11
g -80 16 -80 80 0 0
v -80 16 -80 -48 0 0 40 5 0 0 0.5
w -80 -48 0 -48 0
w 0 -48 48 -48 0
r 48 -48 112 -48 0 10000000
c 112 -48 192 -48 4 1.0000000000000001e-7 -3.6380186748518213 0.001 0
r 48 -48 48 128 0 22000
r 112 -48 112 112 0 10000
O 208 0 304 0 0 0
t 48 128 112 128 0 1 0.5788541843270849 0.5976275643531306 100 default
t 0 144 48 144 0 1 -0.8924820974803165 -7.661501478464108 100 default
v -208 144 -128 144 0 1 440 5 0 0 0.5
r 0 208 16 256 0 270000
g 0 304 0 384 0 0
c -128 144 0 144 4 5.599999999999999e-7 3.9267709431395676 0.001 0
w 16 176 112 176 0
w 112 144 112 176 0
w -208 144 -208 304 0
g 48 160 48 224 0 0
w -208 304 0 304 0
174 0 144 0 192 1 100000 0.005 Resistance
w 16 256 80 256 0
w 80 256 80 304 0
w 80 304 0 304 0
174 192 -48 192 32 1 100000 0.005 Resistance
g 192 48 192 112 0 0
211 208 0 352 96 0 1 44100 1
o 8 4 0 4098 10 0.1 0 3 11 0 11 3
