$ 1 0.000002834467120181406 173.42552219524063 77 10 62 5e-11
v -576 240 -432 240 0 1 100 5 0 0 0.5
c -432 240 -320 240 4 0.000009999999999999999 4.328539303466779 0.001 0
t -320 240 -224 240 0 1 -0.48061927294461215 -2.499432201933394 100 default
d -224 176 -320 176 2 default
r 64 304 64 256 0 330
v -576 80 -224 80 0 0 40 5 0 0 0.5
w -576 240 -576 80 0
w -320 240 -320 176 0
g -224 256 -224 304 0 0
g -576 240 -576 272 0 0
c -224 224 -128 224 4 0.000009999999999999999 -2.907509345892752 0.001 0
w -224 224 -224 176 0
g 64 304 64 336 0 0
O -32 224 48 144 0 0
174 -224 80 -144 128 1 10000 0.9950000000000001 Resistance
w -224 176 -176 176 0
w -128 224 -32 224 0
174 -32 224 144 256 5 10000 0.9950000000000001 Resistance
g 160 224 160 256 0 0
g -128 80 -128 112 0 0
r -176 128 -176 176 0 1000
o 13 16 0 4098 10 0.1 0 3 0 0 0 3
