$ 1 0.000005 382.76258214399064 99 5 43 5e-11
R -320 0 -416 0 0 1 40 5 0 0 0.5
c -320 0 -208 0 4 0.00001 4.425480939798207 0.001 0
t -208 0 -128 0 0 1 0.4723984645827003 -0.6369821930130016 100 default
t -96 -16 -16 -16 0 1 0.5296443795964882 -0.6115000521602199 100 default
g -128 16 -128 48 0 0
r -128 -64 -128 -144 0 100000
w -128 -16 -128 -64 0
w -128 -144 -176 -144 0
w -208 0 -208 -64 0
d -128 -64 -208 -64 2 default
R -176 -144 -224 -144 0 0 40 5 0 0 0.5
w -16 -144 -128 -144 0
r -16 -64 -16 -144 0 100000
d -16 -64 -96 -64 2 default
c -128 -16 -96 -16 4 0.00001 -0.49788060543548207 0.001 0
g -16 0 -16 32 0 0
w -96 -16 -96 -64 0
w -16 -32 -16 -64 0
c -16 -64 96 -64 4 0.00001 -3.3208059226901145 0.001 0
174 96 -64 96 16 1 10000 0.005 Resistance
g 96 32 96 64 0 0
O 112 -16 208 -16 0 0
o 21 64 0 4098 5 0.1 0 3 0 0 0 3
