$ 1 0.000002834467120181406 173.42552219524063 77 10 62 5e-11
v -576 240 -432 240 0 1 440 5 0 0 0.5
c -432 240 -320 240 4 0.00033 3.6248790915039786 0.001 0
t -320 240 -224 240 0 1 -0.7356899365018199 -8.490678728513103 100 default
d -224 176 -304 176 2 default
r -32 272 -32 224 0 1000
v -576 80 -224 80 0 0 40 5 0 0 0.5
w -576 240 -576 80 0
w -320 240 -304 176 0
g -224 256 -224 304 0 0
g -576 240 -576 272 0 0
c -224 224 -128 224 4 0.000015000000000000002 -3.2624889625819016 0.001 0
w -224 224 -224 176 0
174 -128 224 -48 224 1 1000 0.9950000000000001 Resistance
g -32 272 -32 304 0 0
O -80 208 0 128 0 0
174 -224 80 -144 128 1 10000 0.005 Resistance
w -224 176 -176 128 0
o 14 8 0 4098 10 0.1 0 3 0 0 0 3
