$ 1 0.000005 69.34413510434165 63 10 62 5e-11
g -80 16 -80 80 0 0
v -80 16 -80 -48 0 0 40 5 0 0 0.5
c 0 -48 0 16 4 0.00001 5 0.001 0.1
w 0 16 -80 16 0
w -80 -48 0 -48 0
w 0 -48 48 -48 0
r 48 -48 112 -48 0 10000000
c 112 -48 192 -48 4 1.0000000000000001e-7 0.0009999998889897443 0.001 0
r 48 -48 48 128 0 10000000
r 112 -48 112 112 0 1500
r 192 -48 192 128 0 1200
x 214 16 279 19 4 12 pot\s100k\slog
O 192 128 288 128 0 0
t 48 128 112 128 0 1 0.39456877937959234 0.4240372654430413 100 default
t 0 144 48 144 0 1 -8.61827032175596 -7.968420697367426 100 default
r 48 160 48 208 0 68000
g 48 208 48 240 0 0
v -208 144 -128 144 0 1 40 5 0 0 0.5
r -128 144 -128 192 0 2200000
g -128 192 -128 256 0 0
c -128 144 0 144 4 0.0000022 3.5133881053804874 0.001 0
r 0 288 80 288 0 1800000
w 0 288 0 144 0
w 80 176 80 288 0
r 112 176 112 272 0 56000
c 112 272 176 272 4 0.00012 0.429817333378557 0.001 0
g 176 272 176 304 0 0
w 80 176 112 176 0
w 112 144 112 176 0
x 142 219 190 222 4 12 pot\s1k\slin
w -208 144 -128 192 0
o 12 64 0 4098 5 0.1 0 3 17 0 17 3
