$ 1 0.000002834467120181406 382.76258214399064 80 5 43 5e-11
c 208 80 352 80 4 0.0000022 -13.181688250643857 0.001 0
t 352 80 432 80 1 -1 4.013192820291816 0.013215035651549911 100 default
v 512 144 432 144 0 0 40 9 0 0 0.5
r 464 272 592 272 0 1000000
g 352 -64 352 -16 0 0
t 432 64 496 64 1 -1 -0.5274270251055491 -0.553372220307474 100 default
r 416 224 496 224 0 1000
r 672 -64 672 48 0 2700000
w 352 80 352 272 0
w 432 -64 352 -64 0
g 512 144 608 144 0 0
w 496 0 528 0 0
c 528 -64 672 -64 4 1.2e-7 7.684790051153005 0.001 0
w 432 96 432 144 0
174 432 -64 432 32 1 100000 0.6782 Resistance
O 672 -64 816 -32 0 0
w 496 80 496 224 0
174 352 272 464 224 1 50000 0.5297000000000001 Resistance
v 688 -112 768 -112 0 0 40 9 0 0 0.5
g 672 48 672 112 0 0
w 448 -16 448 32 0
w 432 32 432 64 0
r 528 0 528 -64 0 220000.00000000003
r 672 48 592 48 0 5000
211 672 -64 848 32 0 5 44100 1
g 592 272 592 336 0 0
170 208 80 128 80 2 200 400 5 1
O 208 80 240 -48 0 0
r 688 -112 672 -64 0 1800000
174 528 0 592 80 1 100000 0.9950000000000001 Resistance
w 432 32 448 32 0
w 496 48 496 0 0
o 27 4 0 12290 6.859551699817543 0.0001 0 2 15 0
