$ 1 0.000005 42.05934401203833 64 10 62 5e-11
g -80 16 -80 48 0 0
v -80 16 -80 -48 0 0 40 9 0 0 0.5
w -80 -48 0 -48 0
w 0 -48 48 -48 0
r 48 -48 112 -48 0 5000
r 48 -48 48 128 0 30000
r 112 -48 112 112 0 50000
O 560 160 640 208 0 0
t 48 128 112 128 0 1 0.5604501819250822 0.5709339205648393 200 default
t 0 144 48 144 0 1 -2.5707837836705734 -1.3472503917377443 200 default
v -128 144 -208 144 0 1 40 3 0 0 0.5
r -128 144 -128 224 0 50000
g -128 224 -128 288 0 0
c -128 144 0 144 4 0.1 0.0012982114542654521 0.001 0.1
r 112 144 240 144 0 5000
g 112 288 112 304 0 0
w 48 224 48 160 0
c -208 144 -208 224 4 0.00001 0.26777048612424137 0.001 0.1
w 0 224 0 336 0
d -128 224 -64 224 2 default
d 112 112 176 112 2 default
d 240 144 240 240 2 default
d 0 224 0 144 2 default
w 240 112 240 144 0
174 240 240 128 432 1 5000 0.401 Resistance
w 0 336 128 336 0
g 240 432 240 464 0 0
w 112 288 176 288 0
174 48 224 176 288 1 1000 0.5 Resistance
r 176 112 240 112 0 1000
a 416 160 560 160 8 3 -3 1000000 0.000006937157077134585 0 100000
w 240 144 416 144 0
w 240 432 352 432 0
r 416 96 560 96 0 5000
w 560 160 560 96 0
w 416 96 416 144 0
w 176 288 176 224 0
w -208 224 -128 224 0
w 352 192 352 432 0
s -64 224 0 224 0 1 false
S 416 176 352 176 0 0 false 0 2
w 240 240 352 160 0
o 7 64 0 12290 3.0065912433022945 0.0001 0 3 10 0 10 3
