$ 1 0.000005 42.05934401203833 64 10 62 5e-11
g -80 16 -80 80 0 0
v -80 16 -80 -48 0 0 40 9 0 0 0.5
w -80 -48 0 -48 0
w 0 -48 48 -48 0
r 48 -48 112 -48 0 5000
r 48 -48 48 128 0 30000
r 112 -48 112 112 0 50000
O 560 304 640 352 0 0
t 48 128 112 128 0 1 0.5604495240932648 0.5709333551473194 200 default
t 0 144 48 144 0 1 -1.0152090582281303 0.20851224865901696 200 default
v -128 144 -208 144 0 1 40 3 0 0 0.5
r -128 144 -128 224 0 50000
g -128 224 -128 288 0 0
c -128 144 0 144 4 0.1 0.0012897368080908855 0.001 0.1
r 112 144 240 112 0 5000
g 112 288 112 304 0 0
w 48 224 48 160 0
c -208 144 -128 224 4 0.00001 -0.9677866362554524 0.001 0.1
w 0 288 0 352 0
d 0 144 48 -48 2 default
d 112 112 240 -48 2 default
d 240 112 240 240 2 default
d 0 288 0 144 2 default
w 240 -48 240 48 0
174 240 240 128 432 1 5000 0.0743 Resistance
w 0 352 128 336 0
g 240 432 240 464 0 0
w 112 288 176 224 0
174 48 224 176 288 1 1000 0.9059 Resistance
r 240 48 240 112 0 1000
a 416 304 560 304 8 3 -3 1000000 0.00020537331069996233 0 10000
w 240 112 416 288 0
w 240 432 416 320 0
r 448 240 544 240 0 5000
w 560 304 544 240 0
w 448 240 416 288 0
o 7 64 0 12290 3.0044248620466436 0.0001 0 3 10 0 10 3
