$ 1 0.000005 42.05934401203833 64 10 62 5e-11
g -80 16 -80 80 0 0
v -80 16 -80 -48 0 0 40 9 0 0 0.5
c 304 -48 464 -48 4 0.1 0.003835613743644244 0.001 0.1
w -80 -48 0 -48 0
w 0 -48 48 -48 0
r 48 -48 112 -48 0 500
r 48 -48 48 128 0 500
r 112 -48 112 112 0 500000
r 240 -48 240 112 0 5000000
O 240 112 320 160 0 0
t 48 128 112 128 0 1 0.5617102922114832 0.570652551681734 100 default
t 0 144 48 144 0 1 -7.00327565625235 -0.21024092540625205 100 default
r 0 288 176 272 0 100000
v -128 144 -208 144 0 1 40 3 0 0 0.5
r -128 144 -128 224 0 1000000
g -128 224 -128 288 0 0
c -128 144 0 144 4 0.0000022 0.2259555900868233 0.001 0.1
r 112 144 240 112 0 50000
c 112 176 176 272 4 0.005 2.0699911682580114 0.001 0
g 176 272 176 304 0 0
w 112 176 48 160 0
w 0 352 240 352 0
c -208 144 -128 224 4 0.00001 -0.04626905129687885 0.001 0.1
w 0 288 0 352 0
d 0 144 48 -48 2 default
d 112 112 240 -48 2 default
d 0 288 0 144 2 default
g 464 -48 464 48 0 0
r 240 -48 304 -48 0 50000
d 240 112 240 352 2 default
d 0 288 112 176 2 default
o 9 64 0 12290 3 0.0001 0 3 13 0 13 3
