$ 1 0.000005 42.05934401203833 64 10 62 5e-11
g -80 16 -80 80 0 0
v -80 16 -80 -48 0 0 40 9 0 0 0.5
c 304 -48 464 -48 4 0.1 0.0010067106165626886 0.001 0.1
w -80 -48 0 -48 0
w 0 -48 48 -48 0
r 48 -48 112 -48 0 5000
r 48 -48 48 128 0 30000
r 112 -48 112 112 0 50000
O 240 112 320 160 0 0
t 48 128 112 128 0 1 0.5319415463776326 0.5510511022835435 200 default
t 0 144 48 144 0 1 0.5961744401127942 0.6161995197471923 200 default
v -128 144 -208 144 0 1 40 3 0 0 0.5
r -128 144 -128 224 0 50000
g -128 224 -128 288 0 0
c -128 144 0 144 4 0.1 0.0008508239913604942 0.001 0.1
r 112 144 240 112 0 5000
g 112 288 112 304 0 0
w 48 224 48 160 0
c -208 144 -128 224 4 0.00001 -0.43616833981012637 0.001 0.1
w 0 288 0 352 0
d 0 144 48 -48 2 default
d 112 112 240 -48 2 default
g 672 112 672 208 0 0
r 240 -48 304 -48 0 1000000
d 240 112 240 240 2 default
d 0 288 0 144 2 default
w 240 -48 208 48 0
w 464 -48 480 112 0
w 320 112 240 112 0
174 320 112 480 208 1 5000 0.9950000000000001 Resistance
w 464 -48 672 112 0
w 304 240 240 112 0
r 400 208 304 240 0 1000
174 240 240 128 432 1 5000 0.9950000000000001 Resistance
w 0 352 128 336 0
g 240 432 240 464 0 0
w 112 288 176 224 0
174 48 224 176 288 1 1000 0.9950000000000001 Resistance
r 208 48 320 112 0 1000
o 8 64 0 12290 3.0000000000000004 0.0001 0 3 11 0 11 3
