$ 1 0.000002834467120181406 382.76258214399064 64 10 62 5e-11
g -80 16 -80 48 0 0
v -80 16 -80 -48 0 0 40 9 0 0 0.5
w -80 -48 0 -48 0
w 0 -48 48 -48 0
r 48 -48 112 -48 0 5000
r 48 -48 48 128 0 30000
r 112 -48 112 112 0 50000
O 560 160 640 208 0 0
t 48 128 112 128 0 1 0.5664787912544342 0.5761948310207645 200 default
t 0 144 48 144 0 1 -3.5581028573356654 -4.373616620774049 200 default
v -128 144 -208 144 0 1 4500 3 0 0 0.5
r -128 144 -128 224 0 50000
g -128 224 -128 288 0 0
c -128 144 0 144 4 0.1 0.0012736731783951072 0.001 0.1
r 112 144 240 144 0 5000
g 112 288 112 304 0 0
w 48 224 48 160 0
c -208 144 -208 224 4 0.00001 -1.3753086112962933 0.001 0.1
w 0 224 0 336 0
d -128 224 -64 224 2 default
d 112 112 176 112 2 default
d 240 192 240 240 2 default
d 0 224 0 144 2 default
w 240 112 240 144 0
174 240 240 144 416 1 5000 0.1337 Resistance
w 0 336 64 336 0
g 240 432 240 464 0 0
w 112 288 112 256 0
174 48 224 176 256 1 500 0.6782 Resistance
r 176 112 240 112 0 1000
a 416 160 560 160 8 3 -3 1000000 -2.1440042216445168 -2.548909966126877 100
w 240 144 416 144 0
w 240 432 352 432 0
w 560 96 496 96 0
w 416 48 416 144 0
w -208 224 -128 224 0
s -64 224 0 224 0 1 false
S 416 176 352 176 0 1 false 0 2
w 240 240 352 160 0
g 656 0 656 32 0 0
w 576 0 416 0 0
c 416 0 416 48 4 1.8e-10 2.1440042216445168 0.001 0
s 240 144 240 192 0 0 false
r 64 336 144 336 0 1000
w 176 288 112 288 0
w 176 224 176 288 0
174 416 48 560 96 1 10000 0.9950000000000001 Resistance
w 560 160 560 96 0
w 576 0 576 48 0
w 656 0 576 0 0
w 352 192 352 432 0
211 560 160 752 144 0 1 44100 1
o 7 1 0 12290 3.000037495858357 0.0001 0 3 10 0 10 3